3920
3932
3966
3987
4057
4061
4121
4140
4168
4236
4243
4255
4268
4287
4308
4333
4352
4377
4432
4509
4525
4575
4603
4607
4635
4647
4656
4671
4680
4689
4699
4715
4760
4761
4765
4816
4823
4835
4859
4898
4905
4923
4996
5126
5170
6900
6901
6904
7582
7633
7733
7747
7790
7844
7868
7870
7925
7981
8997
9004
9005
9006
9026
10197
10220
10244
10899
10903
10911
10955
10999
26773
26799
26953
27528
27529
27533
27534
27535
27604
27647
27674
27865
29516
29846
30266
30435
30455
30578
30682
30723
31010
31367
31688
32128
32473
41738
41983
42123
42183
42967
43046
43104
43540
43763
44123
44183
44205
44283
44303
44323
44324
44343
44987
45407
45607
45667
46507
47267
47307
47527
47547
47567
47687
48368
48372
48373
48549
48569
48649
48788
48869
48950
48952
49068
49389
49488
49489
49508
49568
49848
49908
50048
50092
50093
50131
50132
50248
50428
50460
50637
50722
50723
50839
50840
50857
51137
51138
51219
51237
51459
51938
51958
52118
52318
52338
52418
52419
52604
52818
52878
52898
52900
52918
52985
52998
53000
53138
53139
53378
53519
53602
53603
53618
54239
54240
54259
54260
54378
54604
54605
54606
54738
54838
54858
54958
55238
55258
55299
55360
55361
55362
55365
55367
55379
55778
